9.999808199999998815e-01 9.011036257309943580e-04
5.000000000000000000e-01 1.739776804659871456e-03
2.000281249999999733e-01 4.088605627210319636e-03
9.999392000000000003e-02 6.972451834714993475e-03
4.999121999999999594e-02 1.196902641472101340e-02
2.000000000000000389e-02 2.107025627225959930e-02
9.996979999999999061e-03 2.738863532348659313e-02
5.000000000000000971e-03 3.153791634511498437e-02
1.997120000000000232e-03 3.990250787224473156e-02
9.990449999999998377e-04 4.124529392712549675e-02
4.992800000000000580e-04 4.365897044534412796e-02
2.000000000000000096e-04 4.570493907376319692e-02
9.940500000000000117e-05 4.618403623975510242e-02
5.000000000000000240e-05 4.698667670583587391e-02
1.984500000000000058e-05 4.708330384121653389e-02
1.012499999999999877e-05 4.746164125604817458e-02
